D: (2100)(noImage)(Rpse)(Dog)(Husky)(3)(10)(70)(1)(1)(3)(3)(3)(3)(2)(3)(2)(3)(3)(3)(0)(0)(2)(2)(0)(2)(1)
D: (2101)(noImage)(Lucy)(Dog)(Bull Terrier)(0)(3)(77)(0)(0)(2)(2)(2)(2)(2)(2)(2)(2)(2)(2)(0)(0)(1)(0)(1)(1)(0)
D: (2102)(noImage)(Lucy)(Dog)(Bull Terrier)(0)(0)(77)(0)(0)(0)(0)(0)(0)(0)(0)(0)(0)(0)(0)(0)(0)(0)(0)(1)(1)(0)
D: (2103)(noImage)(q)(Dog)(Bull Terrier)(0)(0)(77)(0)(0)(1)(1)(1)(1)(1)(1)(1)(1)(1)(1)(0)(0)(0)(0)(1)(1)(0)
D: (2104)(noImage)(h)(Dog)(Bull Terrier)(0)(0)(77)(0)(0)(1)(1)(1)(1)(1)(1)(1)(1)(1)(1)(0)(0)(0)(0)(1)(1)(0)
D: (2105)(noImage)(Cat)(Dog)(Bull Terrier)(0)(0)(77)(0)(0)(0)(0)(0)(0)(0)(0)(0)(0)(0)(0)(0)(0)(0)(0)(0)(0)(0)
C: (3106)(noImage)(Cat)(Cat)(Bengal)(0)(0)(77)(0)(0)(1)(1)(1)(1)(1)(1)(1)(1)(1)(1)(0)(0)(0)(0)(0)(0)(0)
B: (4107)(noImage)(Tweetie)(Bird)(Budgy)(0)(0)(77)(3)(3)(1)(1)(1)(1)(1)(1)(1)(1)(1)(1)(0)(0)(0)(0)(1)(1)(Red)
L: (5108)(noImage)(Larry)(Lizard)(Bearded Dragon)(0)(0)(77)(4)(4)(1)(1)(1)(1)(1)(1)(1)(1)(1)(1)(0)(0)(0)(0))(Crickets)(Red)(Daily(0)(1)
R: (6109)(noImage)(Peter)(Rabbit)(Alaskan)(0)(0)(70)(1)(1)(4)(4)(4)(4)(4)(4)(4)(4)(4)(4)(1)(1)(0)(0)(Solid)(Black)(4)(4)
R: (6110)(noImage)(Pety)(Rabbit)(Cinnamon)(3)(84)(70)(2)(2)(4)(4)(4)(4)(4)(4)(4)(4)(4)(4)(1)(1)(2)(2)(Solid)(Black)(4)(4)
R: (6111)(noImage)(Bob)(Rabbit)(Californian)(2)(0)(70)(2)(2)(4)(4)(4)(4)(4)(4)(4)(4)(4)(4)(1)(1)(2)(2)(Solid)(Black)(4)(4)
R: (6112)(noImage)(ffffff)(Rabbit)(Alaskan)(0)(0)(77)(0)(0)(3)(3)(3)(3)(3)(3)(3)(3)(3)(3)(1)(1)(0)(1)(Solid)(Black)(4)(4)
R: (6113)(noImage)(hhhhhh)(Rabbit)(Alaskan)(0)(0)(77)(0)(0)(3)(3)(3)(3)(3)(3)(3)(3)(3)(3)(1)(1)(0)(1)(Solid)(Black)(4)(4)
R: (6114)(noImage)(j)(Rabbit)(Alaskan)(0)(0)(70)(0)(0)(4)(4)(4)(4)(4)(4)(4)(4)(4)(4)(1)(1)(2)(1)(Solid)(Black)(4)(4)
C: (34568)(noImage)(Lucy)(Cat)(Bengal)(0)(10)(70)(1)(1)(1)(2)(2)(3)(1)(3)(2)(1)(2)(2)(0)(1)(0)(0)(2)(4)(4)
D: (2100)(noImage)(Rosie)(Dog)(German Sheperd)(2)(9)(70)(1)(1)(1)(2)(3)(2)(2)(2)(0)(3)(2)(2)(1)(1)(0)(0)(1)(2)(1)
C: (3101)(noImage)(Lucy)(Cat)(Bengal)(0)(0)(77)(0)(0)(1)(0)(2)(3)(2)(4)(2)(1)(2)(2)(0)(0)(1)(1)(1)(0)(2)
B: (4102)(noImage)(Tweetie)(Bird)(Parrot, Grey)(2)(0)(70)(3)(3)(0)(4)(1)(1)(1)(3)(2)(3)(2)(0)(0)(0)(0)(3)(0)(1)(Orange)
L: (5103)(noImage)(Gerry)(Lizard)(Bearded Dragon)(1)(4)(77)(4)(4)(1)(2)(2)(1)(4)(2)(3)(2)(1)(2)(0)(0)(0)(1))(Worms)(Purple)(Bi-Weekly(1)(1)
R: (6104)(noImage)(Peter)(Rabbit)(Alaskan)(1)(6)(70)(1)(1)(2)(3)(3)(0)(1)(2)(3)(4)(2)(2)(0)(0)(1)(0)(Solid)(Black)(4)(1)
R: (66105)(noImage)(James)(Rabbit)(Alaskan)(0)(0)(77)(0)(0)(4)(3)(2)(3)(1)(2)(2)(1)(2)(3)(1)(0)(1)(0)(Bi-colour)(Cream)(4)(1)
R: (666106)(noImage)(Frank)(Rabbit)(Alaskan)(0)(0)(77)(0)(0)(2)(3)(3)(3)(2)(2)(2)(1)(4)(1)(0)(1)(2)(1)(Spotted)(Straw)(2)(1)
